IKinBodyIterates(Blist, M, T, thetalist0, eomg, ev)
Iteration 0:
joint vector:
 [ 0.4  5.   2.5  3.8 -4.  -2.1]
SE(3) end-effector config:
 [[ 0.81619051  0.34498954  0.46348168  0.3152309 ]
 [-0.06973397  0.85512714 -0.51370686  0.19342684]
 [-0.57355926  0.38696225  0.72200415  0.15957536]
 [ 0.          0.          0.          1.        ]]
error twist V_b 
 [-0.50222485 -0.57826757  0.23125524 -0.09631591  0.15936031  0.19632697]
angular error ||omega_b|| 
 0.8000638546408271
linear error ||v_b|| 
 0.2705859274543604
Iteration 1:
joint vector:
 [ 0.30652483  4.38163876  2.24595237  4.42488106 -4.75348008 -1.96305027]
SE(3) end-effector config:
 [[ 0.99565589  0.0832117   0.0417751   0.28115525]
 [-0.08549825  0.99474583  0.05630977  0.20684796]
 [-0.03686998 -0.05963685  0.997539    0.4350065 ]
 [ 0.          0.          0.          1.        ]]
error twist V_b 
 [ 0.05809011 -0.03940177  0.08452493  0.01555182  0.09488968 -0.0319334 ]
angular error ||omega_b|| 
 0.10987003379449965
linear error ||v_b|| 
 0.10131955799409621
Iteration 2:
joint vector:
 [ 0.56287561  4.65536004  2.191309    4.15766081 -4.70028616 -2.13226758]
SE(3) end-effector config:
 [[ 0.99990305 -0.00131268  0.01386231  0.28309593]
 [ 0.00138992  0.99998356 -0.00556365  0.30633317]
 [-0.01385478  0.00558238  0.99988843  0.3850874 ]
 [ 0.          0.          0.          1.        ]]
error twist V_b 
 [-0.00557322 -0.01385906 -0.00135135  0.01679615 -0.00630289  0.01504711]
angular error ||omega_b|| 
 0.014998683253127707
linear error ||v_b|| 
 0.02341479047691395
Iteration 3:
joint vector:
 [ 0.52445657  4.65215327  2.152124    4.19175297 -4.71271913 -2.09530462]
SE(3) end-effector config:
 [[ 9.99999972e-01  5.15886308e-05  2.29350394e-04  2.99802129e-01]
 [-5.17065321e-05  9.99999867e-01  5.14090006e-04  2.99389947e-01]
 [-2.29323842e-04 -5.14101851e-04  9.99999842e-01  4.00037515e-01]
 [ 0.00000000e+00  0.00000000e+00  0.00000000e+00  1.00000000e+00]]
error twist V_b 
 [ 5.14095956e-04 -2.29337131e-04  5.16475842e-05  1.97859693e-04
  6.10067824e-04 -3.73353467e-05]
angular error ||omega_b|| 
 0.0005652942987951808
linear error ||v_b|| 
 0.0006424368732981887
Iteration 4:
joint vector:
 [ 0.5255705   4.65381865  2.15082221  4.19093379 -4.71238848 -2.09636676]
SE(3) end-effector config:
 [[ 1.00000000e+00 -7.53223335e-08  5.59623052e-07  2.99999520e-01]
 [ 7.53224726e-08  1.00000000e+00 -2.48931498e-07  3.00000393e-01]
 [-5.59623033e-07  2.48931540e-07  1.00000000e+00  3.99999232e-01]
 [ 0.00000000e+00  0.00000000e+00  0.00000000e+00  1.00000000e+00]]
error twist V_b 
 [-2.48931519e-07 -5.59623043e-07 -7.53224030e-08  4.79915513e-07
 -3.92579266e-07  7.67901998e-07]
angular error ||omega_b|| 
 6.171047849991186e-07
linear error ||v_b|| 
 9.869705456212013e-07
